Lat	Long	Alt	Static_Margin	AoA_Max	AoA_Min	Roll_Rate_Phase3 Roll_Rate_Phase4 Max_Speed Mach_P3 Density_P3 Alt_P3	Parameter	Value
-31.146082952696688     133.41339800333253      100.03421149442252      0.5660071177567327      0.6633357476144832      -0.10341464685158241    1970.0106861388574      1983.692441866159       1.4071973824186812      4.769035492094088       0.224007084948977       14.108498619676569
-31.141058152347945     133.4115587959346       99.92527396048791       0.5660667747544212      0.6303790806725229      -0.138446470250256      1969.9492966934633      1983.596146037011       1.407132855416162       4.768816808084966       0.2242077284749728      14.102795736852102
-31.05790288417608      133.4048952103169       109.7055069874432       0.5171487519374445      0.6469743301066782      -0.12491176523708242    2042.8130915597671      2060.5976998172055      1.4600442238030917      4.948135073543092       0.21093502020843113     14.491522212143057
-31.217549426296756     133.42525193049076      90.93733028887678       0.613204495297464       0.6464522361628704      -0.1266521195448546     1899.5802024860116      1909.2738980908957      1.3561471214688872      4.596024577355337       0.23754033751466036     13.734869465406984
-31.137275052203346     133.41443226154172      99.97669844222906       0.5660385605055072      0.6478695394300072      -0.16124417509219974    1674.4767900886513      1686.090667459491       1.4071633728907469      4.768920232751074       0.22411287075667566     14.105491236349568
-31.139190998040903     133.41355113873158      99.97673524358123       0.5660385608904592      0.6453652287550933      -0.07622348659537179    2265.4799006162034      2281.192735497471       1.4071633724743697      4.768920231339959       0.2241128689234401      14.105491288454273
-31.13891898848177      133.41246017190667      99.97674609559122       0.5660385611453242      0.6465861337463317      -0.10235979045129737    2311.4129048441346      2333.1498290815643      1.4071633721986994      4.768920230405704       0.2241128676531806      14.105491324557923
-31.13712731226308      133.4137467460186       99.97669621997792       0.5660385605628879      0.6468353672596497      -0.1415641144767459     1716.4583673134432      1724.8726153907614      1.4071633728286819      4.768920232540734       0.22411287149915135     14.10549121524673
-31.143107346648964     133.4121256965707       99.970151982327 0.5660419604064275      0.6465118428880691      -0.12958604827639725    1969.9747802887598      1983.6360475078561      1.4071596954442822      4.768907769771161       0.22412450333239878     14.105160620816983
-31.143750161320177     133.4124170307689       99.98322154053393       0.5660351926088576      0.6469138499487499      -0.12206333594570669    1969.981876810854       1983.6473028978028      1.4071670157203227      4.7689325784132786      0.2241013374845852      14.105819046497345
-31.143149629711953     133.4124105040131       99.97127322802599       0.5660414382325545      0.6467136634024795      -0.1260697908129893     1969.9754972755945      1983.637216086264       1.4071602602449946      4.7689096838982605      0.22412265346442464     14.105213195734658
-31.14370425749028      133.41213540964517      99.98209684696235       0.5660357186757019      0.6467127142139601      -0.1254722827078423     1969.9811555526296      1983.6461296571788      1.4071664467088418      4.768930650015755       0.22410319680313287     14.10576619795058
-31.14726630576927      133.7251265864731       99.27400186580886       0.5664675146871687      0.9380343792719994      -0.294161576743813      1969.5510390711268      1982.9481175832007      1.4066994017116188      4.7673478200616985      0.22564834339911066     14.061998747841455
-31.154824124479735     133.10195929939934      98.90655653147586       0.5664951716159536      0.8518142018744244      -1.0609533946788803     1969.5387254962186      1982.906168056854       1.4066694870531122      4.767246438357942       0.2258297729649826      14.056879330275581
-30.933484404658056     133.41442352075057      94.54802269085404       0.568732966215475       5.739131982345417       -0.6694643927403072     1967.325561470229       1979.2476629548407      1.404249013624074       4.759043378975531       0.23434999692201827     13.820991320760921
-31.386492900303683     133.41130926039867      103.87433106486313      0.5642576587199084      0.815019927113071       -5.883229237411573      1971.6281637345576      1986.5016828935552      1.4090896557822552      4.775448465102976       0.21722720033326987     14.30427326377295
-31.268770398021505     133.45139697064374      102.21170769777987      0.5649698658684836      2.3225302556275462      -0.19118630793394348    1969.335395143693       1984.9994086999502      1.4083193087274066      4.772837735086204       0.22011462422542433     14.220158415986225
-31.02697709429201      133.37552684197365      97.24516839667689       0.5676742684341725      0.2040403070078656      -1.7000505095522112     1969.3465426767157      1981.0872094485921      1.4053941365274774      4.762924235945115       0.229240577527537       13.961395739416592
-31.115741021006738     133.5771061868281       99.23005919620302       0.5666239054091515      1.2230300473400428      -0.1345791431347222     1967.2531654036845      1983.6683785346117      1.4065302442799272      4.766774540289034       0.2256577874802963      14.061732161445544
-31.17582060700799      133.2459291478372       100.17535307795183      0.5660055263357431      0.5825027577513844      -1.216708760276197      1972.7204248998437      1982.7967587633073      1.4071991037528113      4.769041325748742       0.2236402492351412      14.118938422095962
-31.135808531724717     133.4525468970527       99.83730131311994       0.5661331136117145      0.6700668323566721      -0.05943669566961911    1969.4552182196453      1983.664280680677       1.4070611010909773      4.768573630455593       0.22440552114317464     14.097178886887617
-31.151326983950998     133.371898816848        100.08450229641889      0.5659729770217359      0.6250891096969787      -0.3025582833633911     1970.5011026401935      1983.5750249962546      1.4072343101786848      4.769160641415925       0.2238822437820376      14.112049558745698
-31.11432223178912      133.4024738187357       99.35843082506024       0.5663814467938479      0.4742485056842228      -0.3350694214986791     1969.8692802107746      1983.1169976548113      1.4067924956215427      4.76766331820437        0.2252519554471946      14.073198033464141
-31.173053328598204     133.42222166380685      100.56804786942155      0.5657255093928271      0.921484161689844       -0.03836652321374082    1970.0250197049504      1984.1060122321594      1.4075019794368235      4.770067780818083       0.2230391615683384      14.136081965815276
-31.152761098933517     133.42147837827815      99.97666959860828       0.5660385648122128      0.6501857952517616      -0.22026789639425806    787.972120470082        793.4375617031764       1.40716336823247        4.7689202169640295      0.22411287665892954     14.105491068594159
-31.140924427328034     133.41159390660553      99.9768116743071        0.5660385586346006      0.6401759682795312      -0.047766407745239874   3151.984571812753       3173.8458439874817      1.407163374914382       4.768920239609236       0.2241128636341328      14.105491438788363
-31.150119184413544     133.21751302293023      100.11872308471334      0.5660664774955539      0.5730093757688727      -1.6489496337347969     1970.4084733502593      1983.0845080981721      1.407133176941288       4.768817897743571       0.22370388404290192     14.117126205281355
-31.136860784044067     133.6245272943361       98.69655984575022       0.5670011765869023      1.7225419578205474      -0.10796570041303838    1970.2148222003589      1982.5783336939971      1.4061221751651467      4.765391581426311       0.2267424930508675      14.03118736455962
-31.30696159638448      133.4695738832266       103.049459111006        0.5645892077097554      2.881714387770745       -0.1661259139534458     1968.013147922149       1986.5913526133418      1.40873104131401        4.774233109568345       0.218666276898112       14.262211760049686
-30.93925108801963      133.3619877505111       95.87939177467953       0.5685036861048904      0.20540660762245957     -2.2558331310390285     1969.3750555670397      1979.3627326354442      1.4044970106545416      4.759883848589112       0.23188323437967023     13.888389696552418
-31.05274815617547      133.4022556834322       112.69146099583618      0.4890003064461581      0.6097182186582013      -0.11825824949217142    2087.526400598903       2106.365495381302       1.4938555313036173      5.06272264137026        0.2010699950058492      14.796668150601908
-31.218055700424333     133.4278010408282       89.42455382743664       0.6370267588982075      0.6838772650030381      -0.13483974558573789    1865.1114405561364      1874.7646696544277      1.3303801649852736      4.508699564156132       0.24752566861947206     13.472622766180896
-31.14310643726916      133.4113699903802       99.97262496725004       0.566040683111193       0.6466804824923107      -0.10329064660730279    1969.9760586826758      1983.638198937893       1.4071610770094962      4.768912451938442       0.22411976329356423     14.105295337869785
-31.143788093866185     133.4130529300564       99.98173742704839       0.5660359002022219      0.6467456667211328      -0.14110552711184926    1969.98116809847        1983.646065859717       1.4071662503636908      4.76892998459596        0.22410415554461177     14.105738947227598
-31.143424040866925     133.41228565528982      99.97672067803424       0.5660385596289284      0.6453065768322589      -0.10347068975707885    1974.5287144386652      1983.9465121671012      1.4071633738388836      4.768920235964338       0.2241128714660563      14.105491216187366
-31.143429257019346     133.41225691046188      99.97671044151764       0.5660385610394796      0.6476463841170045      -0.1386965602231501     1965.4836632773959      1983.3406245602828      1.4071633723131842      4.768920230793697       0.22411286795355898     14.105491316020489
-31.140816200677357     133.41226218539208      99.92386605498102       0.5660674326696236      0.6312710961871283      -0.146773080106606      1969.9488203445567      1983.5951842393008      1.4071321437930906      4.768814396372347       0.224210915820693       14.10270518432185
-31.145761128714817     133.41227359930556      100.02351541142724      0.5660129844407971      0.6583380345846397      -0.09643535022012988    1970.0044753410573      1983.6829100524014      1.4071910368171248      4.76901398665397        0.22402601702416572     14.107960295425729
-31.05655811417314      133.40405921303105      109.75019104747288      0.5171300893489166      0.6644918054539133      -0.12289984896932717    2037.1070537979147      2059.767384015768       1.4600644098825728      4.948203484791361       0.17923050248366096     14.49380602709204
-31.22118700742146      133.4268759441212       90.90425332661066       0.6132271591816565      0.6292299827495093      -0.12181902525895853    1903.2063833501768      1908.9851776081562      1.3561226074542867      4.595941498600967       0.2732487185594217      13.733066744543612
-31.14317337663898      133.41226966157075      99.97075056714844       0.6049211107895611      0.6454559666863705      -0.1296956529360646     1969.9751186367039      1983.636573952051       1.4071599372588284      4.768908589288144       0.2241237039487243      14.105183339969255
-31.143690396567397     133.41227750850445      99.98279096218572       0.5271558620217491      0.6479717155692087      -0.12156403429233054    1969.9816183068824      1983.6469050747994      1.4071668649057147      4.768932067297904       0.22410185066374708     14.105804460048676
-31.14403254200339      133.41227210257412      99.98845000493992       0.5186641625405928      0.6493108348927521      -0.11666381059642239    1969.9820058756577      1983.6490812149016      1.4071681298765844      4.7689363543233405      0.22409269543624816     14.106064690482803
-31.142846812303276     133.41227496432575      99.96541453890596       0.6134127279154034      0.644122668807733       -0.133479029523335      1969.9749102363517      1983.6347163273067      1.4071588652809224      4.768904956321835       0.22413225471929737     14.10494032413233
-31.057475935531215     133.4125118993032       98.08233582769707       0.5670686891212324      0.7357736889295763      -0.14333915093622968    1968.9220265944728      1981.9776760197467      1.406049151351653       4.765144101461758       0.22764441258215        14.005901014089584
-31.23382809057319      133.41207218608062      101.65139490426611      0.5651498183050658      0.5572821729397662      -0.10824057068415965    1970.8758508254227      1985.06969090043        1.4081246661577396      4.772178085391987       0.22106887371382467     14.192602645372041
-31.143946474865047     133.39023589695196      99.96397553029284       0.5660399910300442      0.646704267162273       -0.12575229508559993    1969.9772268994063      1983.6395485128867      1.4071618255875973      4.768914988892799       0.22411905794188702     14.105315384974704
-31.14339979060233      133.43432154330284      99.98965668074507       0.5660370215892532      0.6467114446738835      -0.12581887133367375    1969.979593955399       1983.6440498114923      1.4071650374339997      4.768925873939688       0.2241063044042435      14.105677869686858
-31.07517809460671      133.40598591378492      109.1789464142276       0.5075004175426137      0.6192272942567802      -0.1225064828804848     2055.958797778266       2073.3685608868627      1.4704801847452418      4.983502868245551       0.2069622878575704      14.612651497485116
-31.195336004640026     133.4223154567422       91.96481642487832       0.6195306069592488      0.67429235012839        -0.13044548540952342    1891.014763146332       1901.6027506874857      1.3493045876680858      4.572835018477827       0.24146728573271525     13.630440666875803
-31.26873939771782      133.41095220480608      77.35289945101924       0.7047911495601134      0.7460201874653136      -0.143745558216178      1763.9309916981852      1768.8855148012133      1.2570839352655476      4.26029637258023        0.2804327573686268      12.67780410253536
-30.970367817495504     133.39419588656426      125.57907655590027      0.43816715875462675     0.5642388091749542      -0.11477781769326634    2178.2257452378667      2201.973532305901       1.561056769751519       5.290469718841278       0.17866028272277185     15.549619638483971
