Lat	Long	Alt	Static_Margin	AoA_Max	AoA_Min	Roll_Rate_Phase3 Roll_Rate_Phase4 Max_Speed Mach_P3 Density_P3 Alt_P3	Parameter	Value
-31.206944180960758     133.32457364007266      101.02557316632476      0.5655256576684149      0.6879395090136906      -0.4498382428815391     1970.4667152925304      1984.47133010166        1.407718145741269       4.7708003751157815      0.22215345795398492     14.1614275546344
-31.207583567642555     133.32914529614123      101.0433240066003       0.5655166637537352      0.6646897242178221      -0.4183891951948721     1970.4759463287196      1984.4855216910037      1.4077278738599754      4.770833344011234       0.22212490414551708     14.162246343663893
-31.13024150166764      133.3096219632239       110.80528034979851      0.516759557882319       0.6787048253493339      -0.4345352787722635     2043.0887974514753      2061.207071017475       1.4604651891005198      4.949561737968039       0.2090578762671395      14.548469164413401
-31.272506520305612     133.3459134089699       91.94913908916712       0.6125750388784805      0.679984951749404       -0.43328299146447435    1900.264661791456       1910.3087192618684      1.3568279625689654      4.598331968920526       0.2354758345540326      13.79046641834546
-31.201175150713937     133.3270894080579       101.03326222614106      0.5655218235496631      0.6402037492160254      -0.40741617387861834    1674.8949228285549      1686.8006475876227      1.4077222928522526      4.770814429803288       0.22214142584184207     14.161772566205823
-31.2028570851572       133.32676741509155      101.03334359906707      0.5655217904275629      0.699048514919517       -0.46012480493784386    2266.0464291571475      2282.1541307169264      1.4077223286782232      4.770814551218612       0.2221413214499143      14.161775559646077
-31.203062026264366     133.325846234854        101.03332973198873      0.5655218042163455      0.6882956234865649      -0.4371233700587968     2311.936383101803       2334.084694095161       1.4077223137638148      4.77081450067322        0.22214136578402016     14.161774288364686
-31.2012559760335       133.3265016065878       101.0332836426394       0.5655218060628773      0.6689962501790999      -0.43078250086071757    1716.9177435496736      1725.6209938204754      1.4077223117665447      4.7708144939044095      0.22214137969811754     14.161773889377713
-31.206751727764658     133.3272629665204       101.02614670388587      0.565525707155381       0.6866124262056652      -0.43356702679723347    1970.4666195539908      1984.471128054793       1.407718092214513       4.770800193711947       0.22215414209151307     14.161407938078977
-31.20760282204551      133.3267936041095       101.0403537764987       0.5655179693239063      0.6721950957863002      -0.43424904489260563    1970.474659152028       1984.4835415499924      1.4077264617116445      4.770828558196825       0.22212879029025653     14.162134901097044
-31.206728302355778     133.3264887767639       101.02381390122883      0.5655267699341686      0.6875235268366632      -0.4336599257120263     1970.4655918844019      1984.4694035386842      1.4077169426774565      4.770796297895277       0.22215774402171948     14.161304659457878
-31.20762614775053      133.32755944117034      101.04268977818731      0.5655169045474877      0.6713111454409075      -0.43415648799872825    1970.475687443826       1984.4852681886816      1.4077276134094054      4.770832461336189       0.22212517580267863     14.162238553316334
-31.206910813600665     133.64576494797737      100.78699417845812      0.5657201509791987      0.625658277519976       -5.19699894162337       1970.2718780561188      1984.1569386316305      1.4075077752760894      4.770087423096779       0.22283378393126563     14.141950127692894
-31.22182435422586      133.0160951016948       99.48731270579528       0.5662092123059428      4.98152749386597        -0.6172168197367913     1969.8105487106911      1983.3729987769977      1.406978790199976       4.768294676297864       0.22470152634152885     14.088782290500589
-30.987385522143835     133.33318954257584      95.95373887467757       0.5680245284732748      1.7233471677914338      -3.014157250633769      1968.0225292808173      1980.4116615525866      1.4050152835630088      4.761640291520254       0.23156683723524557     13.89708642911259
-31.458978304784758     133.3211195953625       104.50651749739238      0.5639342524489996      2.8489104381373607      -0.6264295563173617     1971.934907290499       1987.0147929412935      1.4094394628135554      4.776633971961145       0.2160709492355622      14.3382710959455
-31.11932005446445      133.45282922995457      99.44294420278258       0.56655358513783        2.0440008745351523      -0.18937730044109782    1967.9300339698916      1983.74306320466        1.4066063050355897      4.767032312544612       0.22519386238957115     14.074841015596874
-31.301461565053224     133.1975601478766       102.08101119422075      0.5650473725690435      0.19098589024610008     -2.1409169300967252     1973.7369367907 1984.1442294352753      1.4082354748897 4.772553619614944       0.22017771321827675     14.218332909285092
-31.118959812486267     133.2145981176657       98.84316920057033       0.5668334731804787      1.7645829220936728      -0.34354902825328887    1970.8496396403189      1982.2786486237972      1.4063035687744148      4.766006329983583       0.22612424194613662     14.048579033409245
-31.302218234803437     133.44534582326108      102.70087614388112      0.5647707921708429      0.15136630218730868     -0.9256380209811496     1968.1051813478468      1985.819930622219       1.4085346334920934      4.773567477379608       0.21926081108147813     14.244915550924837
-31.185369682006044     133.29859506624516      100.55391186320689      0.5657828058651684      0.916834326370515       -0.40336744736740754    1970.6076671876883      1984.0394490778212      1.4074400056574115      4.769857749761113       0.22299769060781532     14.13726646033954
-31.22939336327537      133.35581616519713      101.48564901965112      0.5652902355823524      0.4739336372885435      -0.47631182520463095    1970.242153216456       1984.8692048713 1.4079727861376867      4.771663359302228       0.22134871789178723     14.184544210014865
-31.22991171873586      133.29615794940042      101.34808287070598      0.5653495818861778      0.4708549693056648      -0.7489288964444821     1971.0353608619398      1984.5635349731115      1.4079085951920334      4.771445814200228       0.22155059871389549     14.178737155285663
-31.18483444657869      133.35767559185015      100.68998356009462      0.5657232956632274      0.9134066152657366      -0.2362758089796151     1969.935069643014       1984.3350922957304      1.4075043738807442      4.770075895662656       0.22279516588457135     14.143054148876109
-31.214607185881352     133.33629389999865      101.03316460040584      0.5655218650003966      0.43680462884292076     -0.3709425518561242     788.1677074762716       793.7704878127045       1.407722248017754       4.7708142778577844      0.2221415781248892      14.161768199489453
-31.204998311056674     133.32578874102114      101.033483148559        0.5655217458805688      0.6575974857294344      -0.5369478078288449     3152.7737156565313      3175.1844025232112      1.4077223768617408      4.770814714514044       0.2221411663317674      14.161780007664115
-31.308969568655787     133.5424427790026       103.25478300457634      0.5645521908773921      0.02688659428990503     -1.3057263830842771     1968.7148967621918      1987.0316821127153      1.4087710799570483      4.774368801769091       0.21835206076869465     14.271371989080682
-31.117264081431422     133.16625609024376      97.71197292853054       0.5675062936538584      2.2265042413015146      -0.33099490534030446    1970.395413338343       1980.873946884451       1.405575823663815       4.763539979274713       0.22823533397692963     13.989388225974515
-31.037633154475483     133.49913046257765      98.534164076088 0.5671325060670385      2.520201429824366       -0.16454064172514407    1970.6129523334462      1982.1317876097917      1.4059801248102184      4.764910168375959       0.22695765067567208     14.025146031663754
-31.336918648527273     133.12606613318624      102.37232800460794      0.5649304920288754      0.1660789089857627      -2.7366030580483542     1970.6158482380793      1984.7605582793476      1.4083618967882552      4.7729820673428325      0.21963383568471379     14.234087481765076
-31.122850019414443     133.30484473850146      113.79537881166488      0.48850945508343724     0.6875683009150145      -0.417527065982806      2088.0990397533865      2107.2974300035653      1.4945044350399912      5.06492179622116        0.19934625037222464     14.851523292240687
-31.275000017654286     133.35020177401617      90.44198071949836       0.6365954290602267      0.6777937057944513      -0.44884115640093936    1865.5074484091017      1875.4809771060768      1.330846705753674       4.5102806852630986      0.24529199784402583     13.530353751318529
-31.21333224154045      133.33275673135674      101.16031655490026      0.5654551726553088      0.6486811950182714      -0.44772521037935026    1970.5382592356848      1984.584171483231       1.4077943846871515      4.771058751263531       0.22191704138988172     14.168210050857626
-31.20159862936559      133.32255145920524      100.91912623311393      0.5655826967610031      0.6983244040898837      -0.4204477520143104     1970.4087801233063      1984.3797453579652      1.4076564503524003      4.77059128753298        0.222346087505684       14.155906598172152
-31.20717827367183      133.32704628133874      101.03330180667062      0.5655218112433102      0.6964144035265252      -0.4604380336821101     1975.0628400310995      1984.7925504201091      1.4077223061632151      4.770814474914552       0.2221413849716902      14.161773738157935
-31.20718615234624      133.32701247018164      101.03330053380039      0.5655218026064235      0.6557127416828147      -0.4133511831303009     1965.9353484027336      1984.1661236578018      1.4077223155051604      4.770814506574694       0.22214136445097116     14.16177432658989
-31.200898098751153     133.32401168933876      100.91311933587026      0.5655846790495489      0.6665220408033392      -0.4079812866512648     1970.407472867637       1984.3764096111458      1.4076543062428584      4.770584021079367       0.22235781296107196     14.155570689602754
-31.212620945887124     133.32959427702187      101.13705006876589      0.5654681806204538      0.6828437151280684      -0.4562499675551963     1970.524515374517       1984.563484497729       1.4077803148373063      4.771011068106841       0.22195680786925567     14.167068693846465
-31.133353673860608     133.31154336266033      110.91343821611255      0.5167164370316946      0.6839911800508767      -0.43783275381244013    2037.349419182777       2060.365143030189       1.460511830053714       4.949719805602293       0.17754885302106801     14.553861343421973
-31.272791487677395     133.34609120822296      91.86543244505208       0.6126306093038978      0.676755187751047       -0.4270035236819633     1903.8867861679616      1909.986916226273       1.3567678557395932      4.598128265015037       0.2709884523575913      13.785969972247258
-31.206569943167423     133.32673633808687      101.0208487852998       0.6044153084074955      0.682256224331545       -0.43148003027518117    1970.4642102509047      1984.4670615825132      1.4077153613817306      4.770790938835109       0.22216335643957486     14.16114373720251
-31.207798133707815     133.32732524568814      101.04592333558574      0.5266280272014878      0.6760512797372923      -0.4363428908731364     1970.4772147581389      1984.4878343492944      1.4077293513910007      4.770838351409619       0.2221191047347553      14.162412656393833
-31.208497530497414     133.32762720953872      101.05814478703495      0.5181408704165849      0.6730024356032374      -0.438915506429757      1970.4808398127 1984.4952271220025      1.4077341401270587      4.770854580584366       0.22209869777146657     14.162997912127524
-31.20590634499749      133.3264466944636       101.00915502484794      0.6129023825541089      0.68395179134739        -0.4289295600014709     1970.4608587338116      1984.4601437367849      1.4077108718801472      4.77077572377526        0.22218281630535477     14.160585805037991
-31.186947833709844     133.32222377095044      100.64746441059 0.5657489710628201      0.7699266656220153      -0.4911642952823436     1970.2303994301462      1984.1136509559265      1.4074766025104373      4.769981777628958       0.22285031091852012     14.141477709136904
-31.22765316603653      133.33188551112096      101.41000334033929      0.5653058543312106      0.5886863252276017      -0.3817979172024918     1970.697177264784       1984.822883923414       1.407955892376921       4.771606105824008       0.22146000430086699     14.18134242635686
-31.207840836027398     133.32321198026537      101.03536729953159      0.5655208126904823      0.6788902466530972      -0.4206446742334623     1970.471256452281       1984.4790842014513      1.4077233862313268      4.770818135298819       0.22213504881072907     14.161955430265516
-31.205357387759506     133.33851800514606      101.02826624009758      0.5655244629841221      0.6800801911050636      -0.482205688552598      1970.469124660786       1984.472832059731       1.407719437951728       4.77080475445703        0.22215838921241718     14.161286159996875
-31.14342228563962      133.31104557680018      110.27024054949358      0.5069212200557143      0.6878574577072712      -0.42190584383451385    2056.514998565124       2074.285671112764       1.4711066641046546      4.985626026188731       0.20517613891609277     14.667872671997175
-31.2548781995113       133.34192613115326      92.99175178611745       0.619077190979247       0.6738197036132205      -0.4451143411866418     1891.436482637624       1902.35060551324        1.349795017545846       4.5744971005159565      0.2393024889223091      13.687796489271335
-31.349505637579753     133.39352104998025      78.48425750794634       0.7042876507537352      0.6585880699766274      -0.46957668087404253    1764.4453281118817      1769.7439446756873      1.2576285364021536      4.262142042691586       0.27770665841865383     12.740000810711646
-31.04376908536427      133.2842758949251       126.62787196682393      0.43776254783886603     0.6942777216385603      -0.40389738387150415    2178.6298500570024      2202.7014240714893      1.5615916639271394      5.292282491761353       0.17723352340685636     15.60071581640374
